=== RANDOM FOREST EVALUATION REPORT ===
              precision    recall  f1-score   support

           a       1.00      1.00      1.00        46
           b       1.00      0.98      0.99        46
           c       0.98      1.00      0.99        46
           d       0.98      1.00      0.99        46
           e       0.96      0.90      0.93        29
           f       1.00      0.97      0.98        31
           g       0.92      1.00      0.96        24
           h       1.00      0.60      0.75        15
           i       1.00      1.00      1.00        46
           j       0.92      1.00      0.96        46
           k       0.98      1.00      0.99        42
           l       0.92      0.96      0.94        46
           m       1.00      1.00      1.00        27
           n       0.90      0.98      0.94        46
           o       0.98      1.00      0.99        42
           p       1.00      1.00      1.00        35
           q       0.95      1.00      0.98        42
           r       1.00      1.00      1.00        46
           s       1.00      1.00      1.00        46
           t       0.97      0.89      0.93        44
           u       0.97      1.00      0.99        33
           v       0.97      0.97      0.97        40
           w       1.00      0.89      0.94        18
           x       0.97      1.00      0.98        29
           y       0.98      0.98      0.98        44
           z       1.00      0.85      0.92        27

    accuracy                           0.97       982
   macro avg       0.98      0.96      0.96       982
weighted avg       0.97      0.97      0.97       982
